9.524922786480378711e-01
-1.333020719940481991e-01
-2.231409944198551543e+00
-2.702861988431968232e+00
-1.022236781056024224e+00
5.267778767553648045e-01
8.558221667723542314e-02
-1.265348888454748355e+00
-1.201117100875712662e+00
5.648438754570865861e-01
2.079381804132570011e+00
1.959638028844112645e+00
9.312295114300316312e-01
2.069660356031995940e-01
-2.955105480805293450e-01
-1.097804297138715190e+00
-1.473779230147354458e+00
-1.904373573029747857e-01
2.167213906725359074e+00
3.182306460765816691e+00
1.591754701561363117e+00
-8.569455032875282763e-01
-1.622277598708767865e+00
-7.328522943741142548e-01
-5.119049486041600261e-01
-2.041531490065005450e+00
-3.469783775993280805e+00
-2.578977999029348211e+00
1.146759219628645798e-01
2.081400800941040519e+00
2.059474886494312429e+00
1.195127357432197002e+00
8.721534287811919528e-01
8.819801532700280999e-01
4.955224595916942754e-01
1.685267101998675909e-01
7.928281594735874238e-01
1.726763446962577220e+00
1.184334757933573012e+00
-1.077102824730113095e+00
-2.842967705990441907e+00
-2.160050837224678499e+00
-5.277056802507074096e-02
7.872714624409473672e-01
-3.424127761645272550e-01
-1.325642154510413118e+00
-3.837760060079834501e-01
1.348973927870836365e+00
1.464830812921413594e+00
-3.518476142448087041e-01
-2.013513848762569225e+00
-1.902730453809933664e+00
-6.158156849973409619e-01
5.583141618585611976e-01
1.541757524841440130e+00
2.770100741704208058e+00
3.485772952584247797e+00
2.346929226651579548e+00
-2.528536151811496824e-01
-1.999258257313902609e+00
-1.511162026229759370e+00
-2.724101172209825172e-01
-5.833694716123091206e-01
-2.251278060483789645e+00
-2.809629289383464457e+00
-1.059193350704468184e+00
1.130688352338413916e+00
1.344152767612964317e+00
-1.606209472665548477e-01
-1.024265283238746882e+00
-7.906134579280421626e-02
1.397656675882721133e+00
1.856897069746902940e+00
1.468660040544334855e+00
1.148792931701912989e+00
7.259141562987438956e-01
-5.222387318963154224e-01
-1.941961507210563820e+00
-1.756209478713304017e+00
3.322677885604432002e-01
2.136882956720448590e+00
1.597289175201962008e+00
-4.461458700844613823e-01
-1.403525078648694357e+00
-5.384943127664795215e-01
1.143647872305507129e-01
-1.154548160672138390e+00
-3.099849646858313434e+00
-3.126969795775171868e+00
-7.762982930465838205e-01
1.808361216656147574e+00
2.770733795062071625e+00
2.470103186230798276e+00
2.074969863667361913e+00
1.580161135098819614e+00
3.995050508309904158e-01
-8.521958369187621063e-01
-7.851719845614375526e-01
4.822853246736613642e-01
9.618760735985856236e-01
-5.269141069837570690e-01
-2.416455153874411454e+00
-2.338103672510098097e+00
-4.342393412424401244e-01
7.616623289346291514e-01
-1.483138916433623944e-01
-1.498600698335994075e+00
-9.796381553177146984e-01
1.093933169006923611e+00
2.272595836448570328e+00
1.318105985377677758e+00
-4.089502003903975336e-01
-1.127462147465721820e+00
-8.168520573941233653e-01
-3.962772944232406669e-01
1.784216851655670011e-01
1.551345341160729419e+00
3.069413689169810056e+00
2.906837674111680592e+00
6.093406430379151306e-01
-1.768932679717887702e+00
-2.115545277904908872e+00
-1.054008284573207721e+00
-9.463735922679145096e-01
-2.371293763548333100e+00
-3.164085428331665728e+00
-1.501293553557901506e+00
1.366007392267218457e+00
2.642198779114027118e+00
1.570526698387979314e+00
7.892604923033941233e-02
-7.245925239607586832e-02
6.673092125177637612e-01
9.966203290091475431e-01
8.736259356562378064e-01
1.058243380137378509e+00
1.253977431425393974e+00
3.121705495634444771e-01
-1.588705262566623588e+00
-2.475704878355877714e+00
-1.138929661017236805e+00
8.841644924654190607e-01
1.140252699388832891e+00
-4.122866280730906885e-01
-1.378695277782958417e+00
-3.755051111526129803e-01
9.722225988377644068e-01
3.778740078415301351e-01
-1.788290560748090119e+00
-2.920351072968768502e+00
-1.606056408225369214e+00
8.072977644954617560e-01
2.348246842613032292e+00
2.762766474432738040e+00
2.848967771426623052e+00
2.515958524552149189e+00
1.019931381770184498e+00
-1.119286186776480729e+00
-2.067617939209929201e+00
-1.129454465061516810e+00
-1.702998023509139092e-02
-5.989470750033624169e-01
-2.149870335054709258e+00
-2.259900591892002986e+00
-3.298455723555829833e-01
1.386304652551724637e+00
8.359719437481688553e-01
-9.791556371832107475e-01
-1.402030350433629557e+00
2.740233987817262684e-01
2.052995648969170084e+00
2.098018967482051078e+00
9.092539956953265001e-01
1.585938927225938322e-02
-2.951217737060024549e-01
-7.114478677533369044e-01
-1.026347185936993478e+00
-1.710422848293253750e-01
1.686725359165139437e+00
2.570791623013031657e+00
1.153281383202376276e+00
-1.178973443998877713e+00
-1.988375259135377604e+00
-1.083342272911876014e+00
-6.696128849091477209e-01
-1.998038487144479625e+00
-3.335529291932047613e+00
-2.282432635248739849e+00
8.158896356369225167e-01
3.182674331864315587e+00
3.099832300778746497e+00
1.664055847587589509e+00
7.426469294148372313e-01
5.379432211071194514e-01
1.599955794261849473e-01
-3.463160417651343082e-01
-8.187340921238828173e-02
7.704386445799542571e-01
6.826881595960770932e-01
-9.248824610752348629e-01
-2.357412114205254650e+00
-1.758380301683393654e+00
1.470414483780713155e-01
8.589117219792069546e-01
-4.165994214125559036e-01
-1.597400522565576519e+00
-6.811878553475474440e-01
1.349577937471919897e+00
1.837271951920091073e+00
8.806643027377825117e-02
-1.780472133015980285e+00
-1.737937498221858279e+00
-1.986844009032387448e-01
1.186124533826224736e+00
1.918940410289132981e+00
2.569742008495861540e+00
2.916376748159158705e+00
1.842986521027233593e+00
-5.990379278383261008e-01
-2.470828785752211765e+00
-2.267117879404955794e+00
-1.056484816556818807e+00
-1.014297278972726035e+00
-2.214036655387441321e+00
-2.411713406578548824e+00
-3.536669866093110626e-01
2.126548973338609372e+00
2.378831320946461325e+00
4.548055871140644912e-01
-1.046680549072990685e+00
-4.536566241155536860e-01
1.107167120522691173e+00
1.714789200427864646e+00
1.207330546327924026e+00
6.999712390776867688e-01
4.414104787426197385e-01
-3.195959955693772336e-01
-1.449753961180839656e+00
-1.515115333968726663e+00
5.387589057006680893e-02
1.574609100392505123e+00
1.103191364424094267e+00
-7.928737968602733721e-01
-1.685504615039737919e+00
-6.978487657301346569e-01
2.298848588063348020e-01
-8.066080390596924721e-01
-2.748059456309233095e+00
-2.830156056308164025e+00
-2.950601670689915745e-01
2.627419062770496083e+00
3.628189787622758899e+00
2.858068139203888691e+00
1.857267036518552850e+00
1.104698547736495673e+00
-1.853783009647183566e-02
-1.334182705959173099e+00
-1.604328409018501489e+00
-5.532813774029654574e-01
2.306442002881214925e-01
-5.847421193659080307e-01
-1.937649483814068319e+00
-1.704611815405161712e+00
1.420780983347815773e-01
1.241923131953281079e+00
1.226756672368281009e-01
-1.590417881261205313e+00
-1.327139215407436623e+00
8.778893825887343905e-01
2.432344571716972048e+00
1.662107910640689301e+00
-2.104136596775241230e-01
-1.058805124704444989e+00
-5.688177946100431148e-01
9.682516083451706002e-02
5.091584678550594711e-01
1.298614326985618073e+00
2.332504902479165310e+00
2.176616699404513966e+00
1.711708293853405616e-01
-2.077770348012154766e+00
-2.528708105078003143e+00
-1.488757784955137220e+00
-1.136098306047588657e+00
-2.225213966724991721e+00
-2.782361013143622941e+00
-9.034485088689994114e-01
2.262932606805041491e+00
3.706749810652477883e+00
2.350125837062950751e+00
2.067784056446372309e-01
-4.639192335315538429e-01
1.967069647153583678e-01
6.325832351337056236e-01
4.075727755175811984e-01
3.611117136545166639e-01
6.464767636577634091e-01
2.474798046789575823e-01
-1.114481584422737814e+00
-1.963548390110351205e+00
-1.026261571530656891e+00
6.259703701238208406e-01
7.907630061988958348e-01
-7.221604469358022804e-01
-1.665348704626782306e+00
-5.361233474076485539e-01
1.145949963487734369e+00
8.820815837243592972e-01
-1.246443682251986207e+00
-2.553756930608880538e+00
-1.265869201326565552e+00
1.355032023399398877e+00
2.958547933527129636e+00
2.975723437288005702e+00
2.455438674473818139e+00
1.836160383054269207e+00
4.816874478895313283e-01
-1.515866483827593925e+00
-2.648911596317605976e+00
-1.976247398333267569e+00
-7.443669375000110389e-01
-7.762662274323675060e-01
-1.749430059325047360e+00
-1.562046021018402842e+00
4.534801407733678458e-01
2.177207754751264268e+00
1.458690750949303006e+00
-8.013393181217403072e-01
-1.703826449785828645e+00
-1.477328675737425434e-01
1.891260979801828057e+00
2.167332101904574593e+00
9.093271828657545353e-01
-1.111376920043780636e-01
-2.467129018964664411e-01
-3.105810152934939117e-01
-6.061614183932176880e-01
-2.560628413833992978e-01
1.006729117781838267e+00
1.732964726908135189e+00
5.884027852609441389e-01
-1.455968467586137960e+00
-2.176116246065643800e+00
-1.195106604037519560e+00
-5.453828728569958262e-01
-1.617151127849067116e+00
-2.864422761895587310e+00
-1.783935767152432295e+00
1.484880728336413380e+00
4.046932455647381133e+00
3.812456628852355145e+00
1.802533810961757244e+00
3.096118945787534882e-01
-5.481211875319608184e-02
-3.156583865237749809e-01
-8.651477116749880514e-01
-8.641974736529729473e-01
-5.693643452604990607e-02
3.345743251829669251e-01
-5.786425978503477729e-01
-1.671921373295909730e+00
-1.240861104963761896e+00
3.307161192462515498e-01
8.438654094751695256e-01
-5.441075199828503406e-01
-1.858513580988868874e+00
-9.544669869127868633e-01
1.357888406638283474e+00
2.247767162750594405e+00
6.469499491556874871e-01
-1.387773821367012328e+00
-1.483182026371751894e+00
1.638903803080521693e-01
1.624874340928756045e+00
2.018246066661466109e+00
2.038262436022072244e+00
2.016188535533036230e+00
1.110537383310908233e+00
-9.762956637876004651e-01
-2.775282853902724778e+00
-2.746132393652278125e+00
-1.532080077205756785e+00
-1.118228634940749311e+00
-1.841770386573626794e+00
-1.753148016676860932e+00
4.284731585356534866e-01
2.996575653977784803e+00
3.186774424024478414e+00
8.577833051708212420e-01
-1.239811705752126514e+00
-9.898708489089987905e-01
6.655412832900196030e-01
1.483930748868738547e+00
9.485015441274851078e-01
3.089713327262594289e-01
2.194318704189534008e-01
-6.063225331141638974e-02
-9.056733984214613287e-01
-1.264033255057366523e+00
-3.042502800911333072e-01
8.688059832767252022e-01
5.096071528764232195e-01
-1.107838722269072207e+00
-1.820845657128448813e+00
-6.680940411045467320e-01
5.516987802463620971e-01
-2.084238566793357172e-01
-2.121552514414926982e+00
-2.348076330199772244e+00
1.617177368401536697e-01
3.201871816605994958e+00
4.118403078535239459e+00
2.861582694485066192e+00
1.294274627289755841e+00
3.661466189306113450e-01
-5.564427932440874081e-01
-1.759610568055537838e+00
-2.236982979230992097e+00
-1.360273767052506244e+00
-2.734917106194636460e-01
-4.074622487817516348e-01
-1.231925716974693996e+00
-9.309173781136967918e-01
7.097491230863727241e-01
1.607866172784057746e+00
2.858087765567904892e-01
-1.725447351483913927e+00
-1.693659134683726641e+00
6.157710032203714823e-01
2.544367284316285449e+00
2.021228298301129822e+00
6.799134108064064375e-02
-9.237103248840783376e-01
-3.412647543612163936e-01
4.758170433658051035e-01
6.598647786288199812e-01
8.144259434606342385e-01
1.339048729740865529e+00
1.250070556284258227e+00
-2.952889148644990414e-01
-2.215777941213545432e+00
-2.646295115328195280e+00
-1.596099279754578326e+00
-9.969543214685170351e-01
-1.753785525380719079e+00
-2.146052440229540004e+00
-2.388944278835173907e-01
2.989838604739035510e+00
4.451031708611683513e+00
2.801725677476157639e+00
7.450915353824627552e-02
-1.054315763627136082e+00
-4.192471502094329838e-01
2.086280741561523655e-01
-1.424363458392374771e-02
-2.284699843484239157e-01
1.506330328401456198e-01
2.843312898671814803e-01
-5.347966955409815260e-01
-1.365941592219833023e+00
-9.069797096037442996e-01
2.876210676010659828e-01
3.583509447574686479e-01
-1.023094099836829640e+00
-1.848271938307165074e+00
-5.698187864243176026e-01
1.431931406518101468e+00
1.519189040964958659e+00
-5.291736885996998208e-01
-2.043108183594463334e+00
-9.335167940925567232e-01
1.696726425992226783e+00
3.229218073210962991e+00
2.814443628109757789e+00
1.718504143257256089e+00
8.950223352395332288e-01
-1.648801808024115134e-01
-1.817576778734728116e+00
-2.969185471426706968e+00
-2.500962572218032864e+00
-1.166857937373428022e+00
-6.764623799691222850e-01
-1.107957438514868942e+00
-7.260532100854057980e-01
1.201117452019425658e+00
2.786113209276058988e+00
1.875972408253486545e+00
-7.553920662761328675e-01
-2.075965889603185843e+00
-6.407737519491805145e-01
1.650845790345744968e+00
2.204123372034246131e+00
9.464285888743769748e-01
-1.821354357085709919e-01
-1.870468603372082428e-01
4.590057132240721316e-02
-2.651294503436226746e-01
-4.554145711503777560e-01
1.724348231869154979e-01
7.543006796103373102e-01
-8.200588440197831286e-04
-1.585622085993730224e+00
-2.096830258346607856e+00
-1.014449187020059373e+00
-1.422633077469666052e-01
-9.637718302863171882e-01
-2.168432149183021629e+00
-1.221582934105435614e+00
1.975621412352283723e+00
4.542828006593111034e+00
4.112927759365465619e+00
1.600000959184292748e+00
