1.984040980835218848e-01
8.129075642597816120e-01
1.275459237423256287e+00
1.447027189684213955e+00
1.269171535807537943e+00
7.836567075525751047e-01
1.210974325580022881e-01
-5.378982929117003264e-01
-1.017007300549340743e+00
-1.196978295725486419e+00
-1.050490447934692373e+00
-6.482763456263829216e-01
-1.347195852065974364e-01
3.192898536556230127e-01
5.713368941316550043e-01
5.529578118066087455e-01
2.912846645628225373e-01
-9.995309881353497961e-02
-4.572245160647584461e-01
-6.201836429774667536e-01
-4.841264056078942168e-01
-3.533939668841346027e-02
6.418837173999041301e-01
1.388897028577455117e+00
2.019740488418082069e+00
2.376928436484207818e+00
2.378599702953925643e+00
2.042339277026959277e+00
1.478288287661970957e+00
8.537798033167902645e-01
3.406522760878430978e-01
6.180194799093685631e-02
5.374272745018204844e-02
2.568834340263264626e-01
5.364982434077449902e-01
7.277012572364169873e-01
6.901771574454987901e-01
3.553419798899007942e-01
-2.490214524619415171e-01
-1.004534149226048445e+00
-1.736721397450459836e+00
-2.267529676436072172e+00
-2.469468444897557013e+00
-2.304450251821514861e+00
-1.835180206840949069e+00
-1.205536830065041531e+00
-5.960939489470225006e-01
-1.687102015792961152e-01
-1.751779723157135399e-02
-1.416074155736358753e-01
-4.478718066037675749e-01
-7.829842954309911285e-01
-9.843301712027074934e-01
-9.337556301771803291e-01
-5.971203828696940441e-01
-3.711182969277149191e-02
6.048043100520176241e-01
1.151704437543318971e+00
1.446241217219376818e+00
1.400124895223778809e+00
1.022498321924536935e+00
4.182510056400532417e-01
-2.432689627619049055e-01
-7.794132353872980090e-01
-1.049308586279954048e+00
-9.956795555784243579e-01
-6.604181140955022178e-01
-1.691458374736404258e-01
3.102538473341360237e-01
6.219937000841829766e-01
6.724621544332319845e-01
4.602236484945667061e-01
7.647389743388893768e-02
-3.242056286788730368e-01
-5.735898078642462927e-01
-5.443759584456920875e-01
-1.923576655452938766e-01
4.271425857751041111e-01
1.173865971388932117e+00
1.863788575258610969e+00
2.324084163724361662e+00
2.444759774120223828e+00
2.210883359300805484e+00
1.705404496421751182e+00
1.081785226247798049e+00
5.151148045825540978e-01
1.471105622870274576e-01
4.229533627671294704e-02
1.690985334101596516e-01
4.117673441733027406e-01
6.092673658428270356e-01
6.088482748223995600e-01
3.173223423053538328e-01
-2.661938903992432381e-01
-1.046511434207180846e+00
-1.858912603441083444e+00
-2.517819175738692739e+00
-2.872435936614052387e+00
-2.852010602088984381e+00
-2.486587680365500042e+00
-1.896801594402244273e+00
-1.255946445472081230e+00
-7.362336093446555374e-01
-4.560812587988710698e-01
-4.449241741316379839e-01
-6.365010829689707883e-01
-8.926088357018524544e-01
-1.049725756149606504e+00
-9.737124343064605947e-01
-6.052570888405733873e-01
1.835728511595656476e-02
7.721396414339360970e-01
1.480262508780179065e+00
1.969437453608857247e+00
2.122102607387432727e+00
1.912759091556186064e+00
1.416053618044780915e+00
7.840462069024667358e-01
1.997494365393003291e-01
-1.785496492072401464e-01
-2.648025080529693431e-01
-6.974718225122689130e-02
3.050835418261714782e-01
7.018719087319855721e-01
9.585660295123815677e-01
9.619945768755870930e-01
6.852494316336520397e-01
1.975025785993399507e-01
-3.568929472323293384e-01
-8.034920941491248136e-01
-9.928825666050683507e-01
-8.485081714026722066e-01
-3.921172452027248401e-01
2.612365410067258864e-01
9.371732707771159854e-01
1.454393286257078532e+00
1.679182043768786770e+00
1.565029591729876657e+00
1.165053594493420164e+00
6.134473350888814958e-01
8.188706942213941353e-02
-2.753233843762079580e-01
-3.700812832416402465e-01
-2.079191366154624632e-01
1.145729758071414306e-01
4.414973026875489426e-01
6.085389230320266130e-01
4.969268518103878707e-01
7.340883461471814364e-02
-5.964414152508363820e-01
-1.365900971234984773e+00
-2.050347576819267381e+00
-2.482636941770561378e+00
-2.563343038554607212e+00
-2.290194287296755782e+00
-1.757550918593756339e+00
-1.126151949155482335e+00
-5.726683242213582714e-01
-2.349098311662939365e-01
-1.698667434696163880e-01
-3.377056006025274115e-01
-6.166592298815706252e-01
-8.440244014993197874e-01
-8.702625167679010065e-01
-6.090714768950706848e-01
-6.755724963515252757e-02
6.531139585639798018e-01
1.386921457931384438e+00
1.952998850381259199e+00
2.210835660433195571e+00
2.103404522082935824e+00
1.674709369755856381e+00
1.056252368832045985e+00
4.266473445070499970e-01
-4.298920268833184011e-02
-2.407995671729473153e-01
-1.469472760480418083e-01
1.627850163180828424e-01
5.435551059380653305e-01
8.296936223762905183e-01
8.893189608053416739e-01
6.680483634629931222e-01
2.079585909945882438e-01
-3.642556855730302301e-01
-8.762773023390576510e-01
-1.164109343764862636e+00
-1.124032399605957355e+00
-7.462349176820034513e-01
-1.195001879082335794e-01
5.946045312761364388e-01
1.210037002649501758e+00
1.572040459070922713e+00
1.602981580025128805e+00
1.324014714183755048e+00
8.459125451358620040e-01
3.320793920519325981e-01
-5.451481763490328980e-02
-2.037128191257679966e-01
-9.333570108883748606e-02
2.039525970076032646e-01
5.442493033127305813e-01
7.590498819239632766e-01
7.102160707691795860e-01
3.359262528532277470e-01
-3.269342746079663131e-01
-1.151106707110812533e+00
-1.955544398154132502e+00
-2.558913681721894928e+00
-2.833360524770660582e+00
-2.741803345613118559e+00
-2.347172579552664118e+00
-1.790808328070875310e+00
-1.246888654517634532e+00
-8.672596121724435170e-01
-7.340201984873563346e-01
-8.347460605856583671e-01
-1.068092128026916665e+00
-1.277941692406406649e+00
-1.305275864324367374e+00
-1.041348842266861752e+00
-4.653273373279815939e-01
3.455782642917851755e-01
1.236826732575004417e+00
2.021746928094336315e+00
2.537168592079239282e+00
2.692131404297964714e+00
2.494471670165837374e+00
2.047006828055268013e+00
1.514556346487563099e+00
1.072165474911342287e+00
8.507703937731114774e-01
8.973168251617398283e-01
1.161777629916556975e+00
1.515043889589064996e+00
1.791950109056409834e+00
1.845789205431109581e+00
1.597060141997966642e+00
1.061005266380190104e+00
3.451655995044815572e-01
-3.823853443555641496e-01
-9.442385147584666516e-01
-1.208258594253677654e+00
-1.128487613629238773e+00
-7.595005078028108647e-01
-2.396794765036608377e-01
2.513912834489924197e-01
5.481048386598812439e-01
5.493497792735517748e-01
2.486109445724152822e-01
-2.656827534682411063e-01
-8.395521056523569392e-01
-1.303255213262896062e+00
-1.525727066148111044e+00
-1.456485192325645661e+00
-1.141774169577571385e+00
-7.098387219557544814e-01
-3.299395899201000848e-01
-1.580026218543570393e-01
-2.860186397871466446e-01
-7.111604140092384618e-01
-1.334413691783178812e+00
-1.989268092988816239e+00
-2.491585384702259098e+00
-2.695117679525032006e+00
-2.535373101081140224e+00
-2.048178838625329679e+00
-1.357224400337170511e+00
-6.345903145679800961e-01
-4.672681033351777646e-02
2.971125760286039696e-01
3.777806297430329474e-01
2.701803338246271391e-01
1.170641560923595392e-01
8.100816121115217427e-02
2.897619870565535383e-01
7.922779958171276560e-01
1.539384433966690668e+00
2.395335939294084504e+00
3.176778036943991079e+00
3.707045775124737208e+00
3.868886860950672801e+00
3.639174087187301510e+00
3.094802383835969284e+00
2.387985225179553250e+00
1.698741967870613712e+00
1.179495660192642070e+00
9.091428492996751487e-01
8.709476054875061601e-01
9.610981359799970480e-01
1.025107368933638519e+00
9.104730454907599135e-01
5.188922864702272264e-01
-1.585408099239087321e-01
-1.034379926455679888e+00
-1.948459699638719123e+00
-2.714840050745057631e+00
-3.177440412065183128e+00
-3.256985589505042356e+00
-2.974582271071967376e+00
-2.444551074688223302e+00
-1.838760504952200669e+00
-1.333625975646015815e+00
-1.056350146430123260e+00
-1.047191524180780986e+00
-1.249491667597045996e+00
-1.530456585411993142e+00
-1.726019136002731269e+00
-1.695543545209600378e+00
-1.369046791612487990e+00
-7.719735763006788654e-01
-1.962936135999626686e-02
7.170713033721100027e-01
1.263847797690840435e+00
1.496914350367464674e+00
1.381546934801903159e+00
9.832179990332761133e-01
4.477490897968036121e-01
-4.336195396467984464e-02
-3.285049971528672397e-01
-3.150718713935687920e-01
-6.813500631786151285e-03
4.990328164089901097e-01
1.043829433531444195e+00
1.458657421156768663e+00
1.618327642140521494e+00
1.481256256228705714e+00
1.102641970546263561e+00
6.167950124556766944e-01
1.941844990701813156e-01
-1.326170769726930931e-02
7.864370069465920210e-02
4.581906120456403775e-01
1.019605743402935749e+00
1.594417490654014058e+00
2.002620003472225463e+00
2.107684129460080769e+00
1.858245722969752656e+00
1.303471187062331449e+00
5.773472137941375593e-01
-1.431227417444208838e-01
-6.926651932888683305e-01
-9.682408763417942321e-01
-9.594831175588357519e-01
-7.495777021336254009e-01
-4.864010545814745901e-01
-3.330963630038302759e-01
-4.137416361594362657e-01
-7.713152143743167155e-01
-1.351305055616509154e+00
-2.016250024451519796e+00
-2.586775403500150894e+00
-2.896346111787332145e+00
-2.842629452364497489e+00
-2.419396171571437382e+00
-1.718969804839139526e+00
-9.044512033401157503e-01
-1.604045134608448886e-01
3.625766717826862662e-01
5.921117138055702611e-01
5.533129091926146659e-01
3.571920475851411703e-01
1.619925240885395912e-01
1.197555708279360864e-01
3.250653276803453506e-01
7.822240879429143146e-01
1.401304290335754432e+00
2.024431574345872065e+00
2.474130209239779887e+00
2.608600737878740361e+00
2.366587703864365899e+00
1.787729215274628025e+00
1.001945811183129198e+00
1.911176258726804411e-01
-4.650262022449520583e-01
-8.419468435556858310e-01
-9.057584754945292582e-01
-7.201396236445762877e-01
-4.226883836289522800e-01
-1.783087336720156069e-01
-1.244167258741861182e-01
-3.253052717169347963e-01
-7.501045721893349061e-01
-1.281334558516756816e+00
-1.751404413070348998e+00
-1.995602054285958271e+00
-1.904902777904742273e+00
-1.461950204072735904e+00
-7.488183052256351946e-01
7.599872837184706853e-02
8.242763817010569927e-01
1.333912399992745357e+00
1.516552725943515867e+00
1.382183503965114690e+00
1.033107443487563781e+00
6.293230335625669136e-01
3.362855203255121772e-01
2.715360124778454232e-01
4.670111131825546713e-01
8.588891725650976694e-01
1.308148855868033422e+00
1.645339138462486916e+00
1.725427786706968503e+00
1.475406281594487723e+00
9.195857482373962499e-01
1.745128644452477173e-01
-5.850293319309928242e-01
-1.178388185842668801e+00
-1.473451668352298682e+00
-1.426122464521373256e+00
-1.092548231412769688e+00
-6.103335910394911412e-01
-1.546750573211770341e-01
1.167919564326164172e-01
1.131280429963159584e-01
-1.621820706527683509e-01
-6.135489768415951506e-01
-1.084828619175035591e+00
-1.410089742223684439e+00
-1.467540217431760885e+00
-1.219558323222632135e+00
-7.261424625179124792e-01
-1.274510917851699454e-01
3.991718767374945465e-01
6.942570273749868459e-01
6.661056130242430928e-01
3.198678549286914086e-01
-2.433402233006620730e-01
-8.570423983529811274e-01
-1.340181928005347523e+00
-1.552213395315742872e+00
-1.435308739063732020e+00
-1.030539529105293006e+00
-4.630777461626539582e-01
9.881199334535617496e-02
4.979909886860618418e-01
6.387420299269591650e-01
5.172595869243371558e-01
2.226969514765854141e-01
-9.159168234126319197e-02
-2.575843399160202551e-01
-1.473129439001135410e-01
2.844738547359968450e-01
9.831956381948466772e-01
1.808363223432186029e+00
2.574301923219291410e+00
3.105034215918038409e+00
3.286241288342476530e+00
3.098140546362230463e+00
2.619102785698061986e+00
1.999008229569405382e+00
1.410823795712897510e+00
9.956971819674755864e-01
8.188679464325909763e-01
8.502635267978587708e-01
9.758586793165925366e-01
1.036178317830585449e+00
8.797639937164143387e-01
4.146933396985111875e-01
-3.581729440410015286e-01
-1.340823130632212701e+00
-2.364154874885936231e+00
-3.236461792709763419e+00
-3.799297846383494104e+00
-3.973343530665264467e+00
-3.780020271120248854e+00
-3.332192032894915723e+00
-2.796972321138924134e+00
-2.342381852481864257e+00
-2.084637728969227055e+00
-2.052619047780956052e+00
-2.180622323646165484e+00
-2.331600487848171532e+00
-2.343474566498133793e+00
-2.083835403196294678e+00
-1.495698963306259621e+00
-6.197771192447597555e-01
4.139021225095153023e-01
1.422560594263065026e+00
2.224094070632026909e+00
2.690713974512478401e+00
2.786074443493379071e+00
2.574311563756229937e+00
2.198212442595489868e+00
1.833394966472810861e+00
1.632881150690191241e+00
1.679433239234096487e+00
1.960555693676615974e+00
2.373923732368651951e+00
2.761424509228997959e+00
2.960998307325823475e+00
2.859871031684553699e+00
2.432333545703977862e+00
1.750084625390470716e+00
9.617851222944706624e-01
2.481596977745562649e-01
-2.333149446445997865e-01
-3.968005674029749796e-01
-2.543793547053131432e-01
8.804222091536595407e-02
4.639604150071349187e-01
6.982568683808445531e-01
6.616881142127910564e-01
3.108579215689640796e-01
-2.987856039868661551e-01
-1.030913563262210397e+00
-1.711507543370307971e+00
-2.183633807651184089e+00
-2.356534383897900486e+00
-2.233575021551525541e+00
-1.910254765588758952e+00
-1.542910865069961002e+00
-1.297983009192866799e+00
-1.297831947896631810e+00
-1.580212337563463576e+00
-2.084229860122102984e+00
-2.667308237031283280e+00
-3.147960085141911168e+00
-3.361052589133642243e+00
-3.208329425425140435e+00
-2.688428541671807448e+00
-1.897057433761526468e+00
-9.973371769749941329e-01
-1.696681613053148130e-01
4.431285173675839628e-01
7.781887248328178686e-01
8.692493358316308871e-01
8.324194948595917687e-01
8.256644955608130054e-01
9.948675867000555950e-01
1.423568458042330231e+00
2.102333530069101286e+00
2.927550993643419197e+00
3.730197918484824626e+00
4.325701585748234379e+00
4.569373165304011053e+00
4.400116465398529186e+00
3.858766410798226687e+00
3.075345482450037249e+00
2.229251323983890920e+00
1.494852323590914800e+00
9.895136744928212380e-01
7.402781757419625297e-01
6.795361494805007840e-01
6.708886174398627222e-01
5.569060760990419690e-01
2.135970129134176498e-01
-4.057103362147038150e-01
-1.251039533309071805e+00
-2.187232900629350496e+00
-3.032763801659290159e+00
-3.613829233019962395e+00
-3.816827111614623735e+00
-3.622794991255374963e+00
-3.113015507671378579e+00
-2.444012500532216414e+00
-1.799739606538078185e+00
-1.335893557084625538e+00
-1.133729373135155649e+00
-1.177747449432098525e+00
-1.364108617758888808e+00
-1.536973275913328996e+00
-1.541188863287726640e+00
-1.274621325186709342e+00
-7.235511022230227685e-01
3.010738970023950356e-02
8.321296178222405970e-01
1.502593489428756257e+00
1.891180617879490988e+00
1.923805671499147163e+00
1.625905895134808432e+00
1.115024749810355154e+00
5.649426205646456145e-01
1.525237314978181713e-01
3.862297492155608580e-03
1.565227535662229164e-01
5.496123975059514777e-01
1.044688056742508309e+00
1.470825094056412041e+00
1.679604692075681971e+00
1.592681262979313894e+00
1.226946611516740893e+00
6.893701835573572412e-01
1.431456489408852173e-01
-2.441880272439013178e-01
-3.542980117279902474e-01
-1.563834762129305556e-01
2.818550986639540845e-01
8.141515098006589790e-01
1.260359418140003296e+00
1.461956710485187383e+00
1.331030487309432964e+00
8.774375230904387646e-01
2.056702005441256587e-01
-5.175505297841473951e-01
-1.114765543118581226e+00
-1.452195204456749211e+00
-1.480035855445570370e+00
-1.246047218363320663e+00
-8.782538983625494122e-01
-5.423027914174209929e-01
-3.869909032531990145e-01
-4.952000142801606941e-01
-8.557763392467181429e-01
-1.365308098951559801e+00
-1.859350254116467482e+00
-2.163377609038688032e+00
-2.147526848554230483e+00
-1.767969740214870855e+00
-1.081927713753743525e+00
-2.315847343706720629e-01
5.981077443420539375e-01
1.234569520017871236e+00
1.568470517086491434e+00
1.584505361957056824e+00
1.362548798131893335e+00
1.048988275056067732e+00
8.073978683341829221e-01
7.641997201430787978e-01
9.665197375400221835e-01
1.365593761189335620e+00
1.831029071591795621e+00
2.191503875961558823e+00
2.289149285544977097e+00
2.030524673475456066e+00
1.418130974820607459e+00
5.524844834616297051e-01
-3.960113446413984217e-01
-1.236699417453755778e+00
-1.814377517968620124e+00
-2.053757182235996126e+00
-1.978887747704379807e+00
-1.701621518463783289e+00
-1.382909886289874990e+00
-1.179236371105587988e+00
-1.191136929239054343e+00
-1.430072901101697935e+00
-1.814124119877765340e+00
-2.193881518368518968e+00
-2.400396143582108621e+00
-2.300077338860684328e+00
-1.839215957033927040e+00
-1.064036661406881912e+00
-1.098441005952695004e-01
8.374839754377177981e-01
1.595729863141406302e+00
2.039433145154021076e+00
2.135342840046673185e+00
1.949246042195212691e+00
1.622166682583053188e+00
1.323524370229355096e+00
1.196051065783718004e+00
1.309820180250029331e+00
1.639847081641456095e+00
2.074283001297744011e+00
2.450583373222327666e+00
2.608216256270079914e+00
2.441256757516899967e+00
1.934229816111875833e+00
1.169811976212834947e+00
3.058349934564087436e-01
-4.713235909290424130e-01
-1.002454058507739942e+00
-1.202950482351398787e+00
-1.087168177145851011e+00
-7.621270715934105322e-01
-3.925870939436708063e-01
-1.484853702036218470e-01
-1.512369574043367082e-01
-4.357312516585377105e-01
-9.399027249490792268e-01
-1.525074270957163636e+00
-2.020591516816251598e+00
-2.278627990597983377e+00
-2.221843539991736449e+00
-1.868826240327532640e+00
-1.329234966866142953e+00
-7.700908177386186493e-01
-3.637463072619900872e-01
-2.338385315749174076e-01
-4.161905300939136021e-01
-8.469557586107662184e-01
-1.381769048336102035e+00
-1.839951826239851762e+00
-2.059969883262217305e+00
-1.948822827202700392e+00
-1.509959929988281102e+00
-8.410650963112428213e-01
-1.025144011146612577e-01
5.334883480399594813e-01
9.370390935422550083e-01
1.060860792399671793e+00
9.541264878073925093e-01
7.454267454975844753e-01
6.002510299859252774e-01
6.663874054193477114e-01
1.024468420327909524e+00
1.659300784008447271e+00
2.461110533883702267e+00
3.256455995214778465e+00
3.859252869303953837e+00
4.126042038568161097e+00
3.998293839814917039e+00
3.518602526808209063e+00
2.815806640497263924e+00
2.063805944500987533e+00
1.427076941691827194e+00
1.010032752920970944e+00
8.261293382009031738e-01
7.963809662404779388e-01
7.776747584737937480e-01
6.118812156325292850e-01
1.801965802183492782e-01
-5.545142148068469279e-01
-1.530853666750055631e+00
-2.602993723165535567e+00
-3.581506371229918884e+00
-4.288284017594710562e+00
-4.608471122855802626e+00
-4.523245544304542065e+00
-4.113274715795159686e+00
-3.531849094399422295e+00
-2.956182289308691313e+00
-2.532185916540324211e+00
-2.330037617695933871e+00
-2.324433146193904509e+00
-2.405626137681424748e+00
-2.417659481676298849e+00
-2.211627867000554470e+00
-1.697072977036160557e+00
-8.751897766482517049e-01
1.567665405997047678e-01
1.231431900176462868e+00
2.159653433289143276e+00
2.786142963696862651e+00
3.035099506046224693e+00
2.931556886885756885e+00
2.591804047516472753e+00
2.185905251675238858e+00
1.884076729257128102e+00
1.803715107161295128e+00
1.973640162933181230e+00
2.326684363550516110e+00
2.722840802483819544e+00
2.995572090333921800e+00
3.006603876939697884e+00
2.691864164354592859e+00
2.084019336749750373e+00
1.304423030857898347e+00
5.269204034567738226e-01
-7.518662166285672299e-02
-3.823929709733425164e-01
-3.657472735073844516e-01
-9.555140562047270691e-02
2.807698558993401150e-01
5.847396491504501803e-01
6.624483627176639411e-01
4.323420236098178826e-01
-8.973451116219133272e-02
-7.960103994859203391e-01
-1.520970486733709492e+00
-2.093433804487495831e+00
-2.390112899225049770e+00
-2.373793945383177562e+00
-2.104131780973041987e+00
-1.717680477521283944e+00
-1.383467984020554820e+00
-1.248128534801199230e+00
-1.387907465350618930e+00
-1.782711826611732331e+00
-2.320468207879459399e+00
-2.830536600612427733e+00
-3.135803185726351749e+00
-3.107201724539086385e+00
-2.703637610284072679e+00
-1.984854705606711178e+00
-1.093259551749565572e+00
-2.104398085592948942e-01
4.979684018017269675e-01
9.317815907408621978e-01
1.084655560651361039e+00
1.042535455584589599e+00
9.527751912498836351e-01
9.737653061142973465e-01
1.221045178762425021e+00
1.726987966969167232e+00
2.426884613245262834e+00
3.175955250408821318e+00
3.792088738762542377e+00
4.111009644963710130e+00
4.036642083462895769e+00
3.570916932359379015e+00
2.813690467395677519e+00
1.932793113869645918e+00
1.113571600822348184e+00
5.036930497609355406e-01
1.704353083064712449e-01
8.373841245275259748e-02
1.301791582157303395e-01
1.533035112971284919e-01
7.465825977684859005e-03
-3.919176732559277454e-01
-1.037658815434924664e+00
-1.829434042043784903e+00
-2.602330568255172949e+00
-3.176442276079716187e+00
-3.412010915819636558e+00
-3.252830379105711600e+00
-2.744280769845954815e+00
-2.020290379210366360e+00
-1.263248052490445250e+00
-6.493531467682679414e-01
-2.964381002601303994e-01
-2.305023186631752208e-01
-3.813065712322039613e-01
-6.082446551596905060e-01
-7.482021842067976269e-01
-6.702166872174921686e-01
-3.196339751072320157e-01
2.622223480058751277e-01
9.491328254976978407e-01
1.568390636433601770e+00
1.954496084307135506e+00
2.001262375422162343e+00
1.695925212244039582e+00
1.124472128897789247e+00
4.464222149354866165e-01
-1.531373131077745642e-01
-5.193210565297471382e-01
-5.736396437343309618e-01
-3.362428314684630104e-01
8.264873973175768107e-02
5.193198426739670248e-01
8.095641122840006032e-01
8.413978621370861166e-01
5.908851221578530488e-01
1.298075303476576570e-01
-3.972157915776523551e-01
-8.189308958369809766e-01
-9.923971170552893240e-01
-8.493363302890776234e-01
-4.192243923644479175e-01
1.782389492943424747e-01
7.690310621227728349e-01
1.177913853751957118e+00
1.282169581658390456e+00
1.049174619492290184e+00
5.460770397423378997e-01
-8.141816705602678006e-02
-6.544759324954217972e-01
-1.016512487319033875e+00
-1.081174188543301939e+00
-8.579068583355876632e-01
-4.471690552431774046e-01
-6.894539326463194895e-03
2.991485167258456923e-01
3.547619966403816605e-01
1.295928143448311642e-01
-3.098560254994099372e-01
-8.200364917466185233e-01
-1.224847495763007332e+00
-1.370891193852727952e+00
-1.176169023619900500e+00
-6.569239174982157703e-01
7.583117940564620962e-02
8.490668256763074240e-01
1.479571179348655452e+00
1.828693801990604939e+00
1.842932889418990694e+00
1.567758456618497664e+00
1.130475876446264571e+00
6.976566932957487532e-01
4.206430890500097997e-01
3.863628715912363343e-01
5.890023479506745208e-01
9.315065287919840342e-01
1.256477006242239014e+00
1.396771063835579252e+00
1.229883209501871910e+00
7.189683386766083650e-01
-7.247043380293416437e-02
-9.969628288799399218e-01
-1.865519646390185748e+00
-2.502975912300087202e+00
-2.799016109442289402e+00
-2.739026723592558277e+00
-2.405251285744213874e+00
-1.948037034975449000e+00
-1.536335506047870503e+00
-1.303108731466966708e+00
-1.302861343642518932e+00
-1.494675433033381129e+00
-1.756078306192996319e+00
-1.923352297252677090e+00
-1.845555389832144400e+00
-1.435182786770945462e+00
-6.994268757247945612e-01
2.579351214747049870e-01
1.264786227819250986e+00
2.130351293880851760e+00
2.700885733919268450e+00
2.904047262871490176e+00
2.768165554785931182e+00
2.410486907762013686e+00
1.998187975114296355e+00
1.694473815028794572e+00
1.606726085729059950e+00
1.752988132019247303e+00
2.057279908707288385e+00
2.375148491059318356e+00
2.541334923776068511e+00
2.424468260054140067e+00
1.971472979730392705e+00
1.227595997292532326e+00
3.256132164537295370e-01
-5.525408020027503531e-01
-1.229804770422834759e+00
-1.586833349250399205e+00
-1.597151417145952657e+00
-1.333650487169759868e+00
-9.444301222632347503e-01
-6.055855725047935012e-01
-4.657541619662763921e-01
-5.997937570046334432e-01
-9.860740337343357753e-01
-1.514424946052686627e+00
-2.022143341581960740e+00
-2.346637577636900396e+00
-2.378062141954437436e+00
-2.095301666242656680e+00
-1.573903696847608558e+00
-9.633857441811968236e-01
-4.409814255293589280e-01
-1.563142740400051967e-01
-1.843630221438246064e-01
-5.015043906081668723e-01
-9.921967904318047538e-01
-1.484267941263589075e+00
-1.801805227432534684e+00
-1.819134012429259428e+00
-1.499036958395974617e+00
-9.033203958365176867e-01
-1.725160569023975743e-01
5.188088362575609125e-01
1.017014411868064183e+00
1.237299082599595090e+00
1.189473203267186641e+00
9.734905250527540188e-01
7.461601153098957884e-01
6.695422258458145759e-01
8.573119910898493456e-01
1.336037838726676918e+00
2.033657522154625141e+00
2.798907457416799360e+00
3.445747918585272629e+00
3.808977739284527431e+00
3.793712427754686090e+00
3.403314615574435820e+00
2.737114510742836959e+00
1.958721645158124858e+00
1.244936432114405189e+00
7.313303914789326399e-01
4.715754263730146389e-01
4.232491590555921279e-01
4.644940137200028740e-01
4.361864301150724099e-01
1.962340526237866811e-01
-3.312110084826341838e-01
-1.127251837400245371e+00
-2.079589177889556328e+00
-3.013462161055923794e+00
-3.742637346419842359e+00
-4.124582758477813194e+00
-4.102625899781814134e+00
-3.721953870225037875e+00
-3.114496123292104457e+00
-2.457467617001214411e+00
-1.918585536150727355e+00
-1.605121483814728744e+00
-1.532711702129603948e+00
-1.623611304511311637e+00
-1.734804860440855023e+00
-1.706988784726668484e+00
-1.418873071473667258e+00
-8.295743388516754191e-01
4.384676187014435733e-03
9.429679949737455047e-01
1.803190400265811899e+00
2.413731010971995605e+00
2.666533879045255961e+00
2.549247609189221109e+00
2.148340405851301149e+00
1.621903249845094042e+00
1.150641622475288006e+00
8.823769585811254146e-01
8.873919329930067823e-01
1.138527705802814705e+00
1.522153285118722721e+00
1.876423823123391399e+00
2.044673792080966557e+00
1.927044400470973473e+00
1.514012637946053674e+00
8.911927786006994534e-01
2.138276135630377550e-01
-3.410664765974099621e-01
-6.298891826437473807e-01
-5.876363881782497023e-01
-2.488423305075903036e-01
2.623572530231284006e-01
7.700049081936507500e-01
1.100179495789107786e+00
1.134128401026278876e+00
8.441019253113086762e-01
3.007483345528781937e-01
-3.501485466136092795e-01
-9.341931276344170865e-01
-1.303481056863601717e+00
-1.382928590383750045e+00
-1.193257773880801231e+00
-8.434268701249584277e-01
-4.949200142982501105e-01
-3.091748212506768567e-01
-3.947459487470410533e-01
-7.709044974210118584e-01
-1.359224561812245602e+00
-2.005925530502485010e+00
-2.528079886290045764e+00
-2.769294808916036299e+00
-2.647488107192149442e+00
-2.179843853494147332e+00
-1.477177253612464547e+00
-7.095190336999998015e-01
-5.373916299772341088e-02
3.603601929923880842e-01
4.886024513987021756e-01
3.836147175358758377e-01
1.752205854544449659e-01
2.633174015491501763e-02
7.833273063562801175e-02
4.032616209959702935e-01
9.779560697339223507e-01
1.688429577403003812e+00
2.363235059394881432e+00
2.825449248532129864e+00
2.947038149156048892e+00
2.688586686812614257e+00
2.111940263317671373e+00
1.361780021685663922e+00
6.218773081116694135e-01
5.969367915551238024e-02
-2.233754125651986611e-01
-2.206117004268968174e-01
-1.859790723394216805e-02
2.335578534561170150e-01
3.745711890586657100e-01
2.849337625786566575e-01
-7.262253323997847065e-02
-6.389871134744894432e-01
-1.275403618469864053e+00
-1.805895385078751580e+00
-2.072103172614274236e+00
-1.983322436778849562e+00
-1.546000820438403256e+00
-8.633745726173628343e-01
-1.052711138064157392e-01
5.425508067476511043e-01
9.337455751762063771e-01
1.004174699371029433e+00
7.888639957669248970e-01
4.079519804451243181e-01
2.618884279049937813e-02
-2.011622238682078123e-01
-1.789198769116699950e-01
9.689906676661153018e-02
5.372686402904028879e-01
9.882380706226581157e-01
1.280078595787981444e+00
1.282012064974975551e+00
9.452573808474374895e-01
3.207737106923953530e-01
-4.539945176397023885e-01
-1.195344936059629770e+00
-1.728027739415430197e+00
-1.937402428020420508e+00
-1.802799830175056073e+00
-1.401738563310656049e+00
-8.837800489136146131e-01
-4.223178549131733073e-01
-1.594992992137449495e-01
-1.616034917470958732e-01
-3.988840442653176499e-01
-7.561695916896418179e-01
-1.070825749131861349e+00
-1.186062897079433354e+00
-1.002733625965674502e+00
-5.132231104930800036e-01
1.933484681804210625e-01
9.563835265178283196e-01
1.591724473232860593e+00
1.947301636490239574e+00
1.949136460849488328e+00
1.623330904733262692e+00
1.087189360794061699e+00
5.122849474826083327e-01
7.106342082243830016e-02
-1.162812971549053720e-01
-1.803898405330961463e-02
3.009687444743180951e-01
7.019436473196339898e-01
1.018063267666033944e+00
1.109268293842834430e+00
9.085469959616140345e-01
4.450554966835479354e-01
-1.632994632673625546e-01
-7.455790661120553775e-01
-1.130684001018040785e+00
-1.200816530378393310e+00
-9.287558493353914590e-01
-3.872234947319340703e-01
2.726477301342831172e-01
8.670509005439923644e-01
1.235178531281605485e+00
1.287460644100754337e+00
1.031343542407895830e+00
5.666457861188013423e-01
5.208247066248161694e-02
-3.464030923460197919e-01
-5.091612897464585785e-01
-4.013104652278248752e-01
-8.401330818845886839e-02
3.050239393159814849e-01
5.957113691687836443e-01
6.404996968395553214e-01
3.627625205516193940e-01
-2.166436557884717784e-01
-9.830926009236689023e-01
-1.761137118388621747e+00
-2.366487012629210351e+00
-2.660839943300603139e+00
-2.592492389556388943e+00
-2.210116475491808785e+00
-1.645501902112195713e+00
-1.070788825998106875e+00
-6.437032465369607603e-01
-4.580443774431071091e-01
-5.149910093353063933e-01
-7.242210169925091812e-01
-9.344409611966619789e-01
-9.836542685884515080e-01
-7.532692991079652511e-01
-2.089199008848071637e-01
5.849721808352366104e-01
1.481626184875941998e+00
2.294324199271081000e+00
2.851658633266384690e+00
3.048397215048910702e+00
2.876114792714199897e+00
2.424071225587114853e+00
1.850130363876727690e+00
1.330892044071945168e+00
1.006703615300030830e+00
9.387915605617740411e-01
1.091914530884938950e+00
1.347893942828136682e+00
1.545655414090499224e+00
1.535068652544680834e+00
1.227527056923143123e+00
6.272268917939416433e-01
-1.668302557529536267e-01
-9.888836369950453342e-01
-1.655826504258771870e+00
-2.022572016749696111e+00
-2.026061561748998319e+00
-1.704142520238927538e+00
-1.183403765674586605e+00
-6.397748542636656488e-01
-2.442183962925330576e-01
-1.104989271377868620e-01
-2.613354134346693725e-01
-6.234518659653175421e-01
-1.052951636770159016e+00
-1.382911074707839472e+00
-1.478110694986436435e+00
-1.279588272713040320e+00
-8.249094155910816628e-01
-2.376978690798187133e-01
3.103526803314691218e-01
6.530926441321057707e-01
6.823262837235446465e-01
3.825352974316473809e-01
-1.630394977764926256e-01
-7.969442830610543593e-01
-1.335074408966522963e+00
-1.622428753872662721e+00
-1.579670116673463687e+00
-1.225997248973044851e+00
-6.712714654230257372e-01
-7.998787907873849967e-02
3.814913157178625447e-01
5.977881752464740961e-01
5.407906012686769515e-01
2.779427669201157691e-01
-5.005521090689735164e-02
-2.750994713319048213e-01
-2.566213211279788631e-01
7.173245915180831433e-02
6.784513214882292864e-01
1.441100749046184903e+00
2.181809434844959927e+00
2.720300474840792404e+00
2.927949465975888899e+00
2.766019449022195875e+00
2.296175518711961683e+00
1.660065823061201096e+00
1.034444216247381476e+00
5.759613332608336522e-01
3.729636001270848489e-01
4.194061846903813784e-01
6.190092152952764160e-01
8.182595114807593717e-01
8.577762429026087876e-01
6.257725985158205662e-01
9.667500329330380726e-02
-6.573821200351330774e-01
-1.485946815526460352e+00
-2.204576491525549464e+00
-2.650304579749492628e+00
-2.730929721843056601e+00
-2.452723795609995427e+00
-1.917903033040937677e+00
-1.292670886847820277e+00
-7.558511577372486467e-01
-4.441941636355870582e-01
-4.114542939130788612e-01
-6.139866001230190884e-01
-9.272608231800879564e-01
-1.187966751721807546e+00
-1.248339989508864933e+00
-1.025499127329751126e+00
-5.301594050496585275e-01
1.344205612618852852e-01
8.030330908251602784e-01
1.299127474926989656e+00
1.489584197430208867e+00
1.326473380790139656e+00
8.626694518406551326e-01
2.363740414228632236e-01
-3.706644154209828290e-01
-7.882096256852270111e-01
-9.086996737944379454e-01
-7.185751678761244099e-01
-3.000726947981873227e-01
1.969405540080905181e-01
6.041125364582807800e-01
7.891781582885503132e-01
6.987182741082734738e-01
3.756020084740936404e-01
-5.441137564252529479e-02
-4.227174008786204196e-01
-5.719632847193520941e-01
-4.071573978018330209e-01
7.233874374834636800e-02
7.700866801393352334e-01
1.520093694671650120e+00
2.136074556559569793e+00
2.467124449757923443e+00
2.442461835123177938e+00
2.091325996133369447e+00
1.531903680941044676e+00
9.328666464739945319e-01
4.596790884398024302e-01
2.225881971037600993e-01
2.426506109481091356e-01
4.464499292496035276e-01
6.911168020455821237e-01
8.117154524668741544e-01
6.760090128419165012e-01
2.292768024006253125e-01
-4.850345860743175974e-01
-1.335463418722955264e+00
-2.140452371281165167e+00
-2.722273104667589649e+00
-2.960154236794559690e+00
-2.826042536316926146e+00
-2.391857529143805117e+00
-1.806024592195614620e+00
-1.246689264420555388e+00
-8.663067375351780619e-01
-7.449768510223911955e-01
-8.671173870716798460e-01
-1.128710890405724809e+00
-1.372734812050935949e+00
-1.441515741566738562e+00
-1.229422244623424643e+00
-7.192007144922372142e-01
9.600604575490612191e-03
8.028974826141331844e-01
1.478147877282926181e+00
1.879863849880560878e+00
1.927189376641370799e+00
1.638638845904409003e+00
1.126233606169108281e+00
5.608546475715393553e-01
1.196407836413020398e-01
-6.812526295733312143e-02
4.025267384322461783e-02
3.895847282763491570e-01
8.463483774387088321e-01
1.242822806986841222e+00
1.431815408500747955e+00
1.334674824789172431e+00
9.674096907669821332e-01
4.366302188293933462e-01
-9.346659531885004313e-02
-4.527243487979908387e-01
-5.190478094349331162e-01
-2.578161164114718407e-01
2.657519012727372898e-01
9.052502336976614439e-01
1.477004079020935112e+00
1.815581335396390994e+00
1.823591643778757154e+00
1.500263223248091915e+00
9.399479482835350064e-01
3.011381145296616602e-01
-2.441780397437555150e-01
-5.648431192803318179e-01
-6.114316529595608118e-01
-4.308644474682689629e-01
-1.501628445851999338e-01
6.550673364210157779e-02
6.724332722691001019e-02
-2.279154128055221884e-01
-8.077832892744314375e-01
-1.565593026598056214e+00
-2.330311673829805308e+00
-2.917332952793981526e+00
-3.183770009228363840e+00
-3.071114504482002960e+00
-2.621976823610618901e+00
-1.965737988653590840e+00
-1.277678783542067764e+00
-7.244494452660534822e-01
-4.129993951418701181e-01
-3.589657285908680606e-01
-4.843751846208916856e-01
-6.452783401723172219e-01
-6.805090643212268198e-01
-4.661084415896467048e-01
4.183882072474787162e-02
7.895728817973204361e-01
1.638930451434577495e+00
2.407501761730651335e+00
2.923193741025993386e+00
3.076172458400406207e+00
2.851952885159762197e+00
2.335293476612590347e+00
1.683688762352639090e+00
1.078767317704600881e+00
6.708085863094375156e-01
5.337225394001590129e-01
6.445233804070910066e-01
8.936141526646018685e-01
1.122507087417087490e+00
1.176979580577393714e+00
9.588170624053324875e-01
4.597445494008327582e-01
-2.332435475120784307e-01
-9.629427592629656862e-01
-1.549604870183232119e+00
-1.846299802772602083e+00
-1.784613378910236081e+00
-1.396324422795459874e+00
-8.042176437209428430e-01
-1.848533840604028866e-01
2.851024176259689957e-01
4.822419255825990403e-01
3.728376296229398701e-01
2.101715533480552622e-02
-4.337420054526146540e-01
-8.226001011758833359e-01
-1.002264154097686655e+00
-9.014735450193357424e-01
-5.443859346518761244e-01
-4.346921278825888191e-02
4.358881808022327942e-01
7.279235876757229606e-01
7.196603522822269117e-01
3.879193529857686285e-01
-1.915321673589066576e-01
-8.656759831434031049e-01
-1.450089325694866815e+00
-1.784670360904176523e+00
-1.781867663624659537e+00
-1.452386080408149427e+00
-9.004023269319625378e-01
-2.898811086084991384e-01
2.073643612149211890e-01
4.655170349130303697e-01
4.435864250403136477e-01
1.970508960615433569e-01
-1.412936654815148962e-01
-4.051859917999914851e-01
-4.495786555571460452e-01
-1.988521591005737443e-01
3.267097466733359656e-01
1.014634865800060126e+00
1.693135268097280655e+00
2.182939476246366084e+00
2.351916135455753398e+00
2.155423886002922007e+00
1.649779961062480371e+00
9.746540490038333449e-01
3.099229303906141375e-01
-1.794888229385443179e-01
-3.935140788667995104e-01
-3.260046183783399387e-01
-6.392998003721772626e-02
2.429068791916999537e-01
4.319846555461085424e-01
3.821225101711747119e-01
5.435804980525593688e-02
-4.933320157352136803e-01
-1.122214484188251316e+00
-1.654904220073760701e+00
-1.930241506520402162e+00
-1.853751239698299358e+00
-1.427848163084600053e+00
-7.522803747942824470e-01
5.381627788874632223e-03
6.600251591379741045e-01
1.064362703490793649e+00
1.152127704492912130e+00
9.556778925304917349e-01
5.926313656997563850e-01
2.258874942156867127e-01
9.737238159495675838e-03
3.912258947051827640e-02
3.180953584355667996e-01
7.574694470633028809e-01
1.202461416246105141e+00
1.481662336401613711e+00
1.461949827367041488e+00
1.092049532620139818e+00
4.209883087589733064e-01
-4.144609848253691942e-01
-1.229527601550060023e+00
-1.846045181475777008e+00
-2.144914697747454468e+00
-2.100109826916161548e+00
-1.783699480177139529e+00
-1.340453715132660317e+00
-9.401343309019788430e-01
-7.225562328330950024e-01
-7.527475149878498639e-01
-1.000332408989111910e+00
-1.349619577678840887e+00
-1.637200410051612876e+00
-1.705189233963190887e+00
-1.453295182220711190e+00
-8.732574516315079194e-01
-5.469562703008878923e-02
8.396082178416380826e-01
1.621383965376002045e+00
2.132681251197827699e+00
2.292424484128410267e+00
2.119220053743518406e+00
1.723358575520118396e+00
1.270604681400446134e+00
9.291988242085740257e-01
8.167373395996432306e-01
9.636038047897669268e-01
1.304395969807196742e+00
1.699971954682851116e+00
1.983098723912072536e+00
2.013254155561363667e+00
1.723246339385437365e+00
1.142877595956443226e+00
3.920910792993108629e-01
-3.543700425803517629e-01
-9.198000945210637047e-01
-1.179360161540714991e+00
-1.098059480300626500e+00
-7.410004683571078665e-01
-2.526822591939443807e-01
1.881526165542649620e-01
4.239894486724530287e-01
3.669752988895814694e-01
2.519128179187413163e-02
-5.013852151098550092e-01
-1.053847341024158890e+00
-1.465784280800524142e+00
-1.616900863485329909e+00
-1.471887231415270891e+00
-1.092242737156402521e+00
-6.172734218484904334e-01
-2.201890592763430798e-01
-5.307387538656982429e-02
-1.980282938376996538e-01
-6.398693208389346632e-01
-1.269032766227024434e+00
-1.913858257195128587e+00
-2.392228556501716508e+00
-2.566469485366249081e+00
-2.384399937308761874e+00
-1.893771926105507930e+00
-1.225691795456165689e+00
-5.523428851039271503e-01
-3.238189824206838541e-02
2.387721515522756022e-01
2.581032311991126038e-01
1.144495387959603150e-01
-4.156175714433107959e-02
-4.759527906552163401e-02
2.161148086278504299e-01
7.854543442698388445e-01
1.597200272729541570e+00
2.504812617618938031e+00
3.320453448378005934e+00
3.870203992669401849e+00
4.045300505012080272e+00
3.833447151080124016e+00
3.320501788360266104e+00
2.662109844443438789e+00
2.034269199511999027e+00
1.578391676440418889e+00
1.358118497298029581e+00
1.341418201439599445e+00
1.413518897984600287e+00
1.416509288341158745e+00
1.203038209228429078e+00
6.870915642122199518e-01
-1.242725982255074024e-01
-1.128377989579160356e+00
-2.154553123471776299e+00
-3.013420983277097065e+00
-3.552533136699618677e+00
-3.701012092162337286e+00
-3.489290898685312392e+00
-3.037828927619473873e+00
-2.518392258548425744e+00
-2.100068174177763591e+00
-1.896942459384367119e+00
-1.933812358763102424e+00
-2.140613275812203398e+00
-2.377193553654237679e+00
-2.480520522942454065e+00
-2.319343070410070151e+00
-1.838988499021894985e+00
-1.082071831746969970e+00
-1.784699457842909842e-01
6.924184879699855077e-01
1.355380948594069768e+00
1.692280102742319325e+00
1.677565994824161244e+00
1.385281226744168981e+00
9.653524515935868466e-01
5.965795259636612613e-01
4.310268075284925393e-01
5.471999703049115205e-01
9.266159826269130262e-01
1.461016106129634728e+00
1.987843304076822193e+00
2.342730513872951725e+00
2.412412052477856950e+00
2.171351791503359774e+00
1.690515069464362252e+00
1.115483222091505855e+00
6.207637288872692727e-01
3.546517101656869730e-01
3.919919366687321105e-01
7.097330199157089181e-01
1.193027552671015457e+00
1.670054377469680329e+00
1.964729080258948546e+00
1.950855474348528906e+00
1.590816955843529890e+00
9.467547237456058751e-01
1.608075936707841769e-01
-5.893136663436024936e-01
-1.145420970168768537e+00
-1.417291703037955708e+00
-1.409256557633512319e+00
-1.216622423386086727e+00
-9.931223492377374562e-01
-8.997096339040941970e-01
-1.050893786981363043e+00
-1.475604252965896368e+00
-2.105014915098554429e+00
-2.791297820089578163e+00
-3.351556530141772683e+00
-3.623270292407612114e+00
-3.513947470662431627e+00
-3.029482098256945921e+00
-2.272368095541847488e+00
-1.410360926229333733e+00
-6.254242857123116783e-01
-5.895684773202103379e-02
2.295711498155460495e-01
2.776844219499447486e-01
2.040713443177250008e-01
1.669796755474127203e-01
3.100737129389546376e-01
7.129329216109843159e-01
1.361914057661527178e+00
2.150695019714126577e+00
2.910480722179408009e+00
3.460512715152259222e+00
3.663119128521447720e+00
3.466082786736758514e+00
2.919052665105429600e+00
2.158839087983225546e+00
1.368169065461745770e+00
7.207787283618313223e-01
3.299795035240364882e-01
2.167170214738216583e-01
3.069989978766251570e-01
4.593307067013043810e-01
5.133661009829386668e-01
3.443213087461831079e-01
-9.410282331601144135e-02
-7.519164011472806441e-01
-1.495869176409559298e+00
-2.149314514924127284e+00
-2.546450149828110021e+00
-2.583927199439986833e+00
-2.253610334268327353e+00
-1.646157906889570866e+00
-9.242242452581003187e-01
-2.735999808582545434e-01
1.524865866240289192e-01
2.785519264167920506e-01
1.274801815817451223e-01
-1.897414678241072794e-01
-5.118073608018411935e-01
-6.803990834656148401e-01
-5.921571503900187050e-01
-2.329059122734638554e-01
3.166798116638499527e-01
9.057785809244764952e-01
1.360739527868887189e+00
1.540123483584825648e+00
1.380125001898782955e+00
9.160292964557131823e-01
2.728656790740415783e-01
-3.719198785701540722e-01
-8.421696656185408969e-01
-1.016350305633937801e+00
-8.638838959712069610e-01
-4.531672986882603338e-01
7.115232629019341282e-02
5.344433174796044961e-01
7.873253040890073606e-01
7.525132598547060736e-01
4.485711455452189855e-01
-1.684489781255782415e-02
-4.820671295310500204e-01
-7.837176666079848086e-01
-8.097036953038059259e-01
-5.361515688170465088e-01
-3.656573120599818094e-02
5.397752310984462731e-01
1.013502092311364677e+00
1.230656980892393726e+00
1.110649101932051241e+00
6.716456124597613986e-01
2.543949405901135830e-02
-6.566052221280737067e-01
-1.195874582702786793e+00
-1.460725330086966922e+00
-1.405665110018760711e+00
-1.083295547572178830e+00
-6.253900492123030119e-01
-1.991801213338098009e-01
4.728841857382193314e-02
3.344083061737179730e-02
-2.271785180940147919e-01
-6.303598868012625367e-01
-1.013769649155066066e+00
-1.208401357710525037e+00
-1.092787904513564445e+00
-6.329265199888015614e-01
1.046767090624346613e-01
9.710240775251092193e-01
1.778157910644665440e+00
2.354668264336042149e+00
2.595893559278437568e+00
2.493207779430024473e+00
2.133358901418353604e+00
1.668224472367323408e+00
1.264629095531407899e+00
1.050111197688349041e+00
1.071772981409656822e+00
1.281207526816314335e+00
1.550272253886305407e+00
1.712753186541769779e+00
1.618795708767259534e+00
1.184932121035337405e+00
4.238865208799902362e-01
-5.553392100549687793e-01
-1.577282923047334862e+00
-2.450551421051306633e+00
-3.023372571334748571e+00
-3.226904104170791321e+00
-3.092870509619495945e+00
-2.740147115361744046e+00
-2.334641238996141066e+00
-2.035179024306851936e+00
-1.942469177445666162e+00
-2.067212609607467222e+00
-2.327376382896679807e+00
-2.575453423995026636e+00
-2.647076470107505575e+00
-2.415616220616893184e+00
-1.835487510641996778e+00
-9.604133381259541968e-01
6.925183390387379401e-02
1.066326426175920439e+00
1.851399034243195629e+00
2.305229013759824142e+00
2.402635041572902530e+00
2.217349003442393496e+00
1.896405340526779337e+00
1.612174366765723788e+00
1.507137728036564761e+00
1.648751368501531367e+00
2.008541868342536674e+00
2.471942208383818063e+00
2.875693749253025011e+00
3.060963669381815855e+00
2.925377576029713378e+00
2.457500566424360766e+00
1.742812099196905162e+00
9.391792521256769888e-01
2.294248953641958577e-01
-2.342014285154722097e-01
-3.762775138129981212e-01
-2.207037629146889612e-01
1.176076694574326176e-01
4.692476784008088320e-01
6.635931813622912845e-01
5.821779703674651030e-01
1.954617185496846932e-01
-4.284649623724972600e-01
-1.145879453830155992e+00
-1.783124843912591295e+00
-2.191562261143110479e+00
-2.294437199818114781e+00
-2.110874395361596267e+00
-1.749419267614272577e+00
-1.373132120586613159e+00
-1.147201425810018272e+00
-1.185559008867655972e+00
-1.513318722778478786e+00
-2.056913394990561805e+00
-2.665124836568939504e+00
-3.154513558610192003e+00
-3.365100478043893339e+00
-3.208935749009790950e+00
-2.696420036617170002e+00
-1.932220604933744479e+00
-1.082157508783109012e+00
-3.215305292844732321e-01
2.188404235906485640e-01
4.919009959704360169e-01
5.466549323993300513e-01
5.096551311602347534e-01
5.415907172601857056e-01
7.827184554463889610e-01
1.304415352839486619e+00
2.082226005730110963e+00
2.999039871188474038e+00
3.877575837889988719e+00
4.532144337102150367e+00
4.823592508049000749e+00
4.700320742499464188e+00
4.212609431711472396e+00
3.495847512762378706e+00
2.727987291003688419e+00
2.074607587820164412e+00
1.638820448588943046e+00
1.431696956877291260e+00
1.372406722934405687e+00
1.317900527553159007e+00
1.112659264886297183e+00
6.427089119791656868e-01
-1.232522401334601170e-01
-1.118725721889408220e+00
-2.195227570190252830e+00
-3.164259684443626597e+00
-3.852418517587189228e+00
-4.152470735850194217e+00
-4.054461792507421336e+00
-3.647160114866922598e+00
-3.089419538120952602e+00
-2.560452772237484798e+00
-2.204595221765036417e+00
-2.087834343819200633e+00
-2.179653807394348330e+00
-2.365765561765530212e+00
-2.487582737473784444e+00
-2.395875746469970480e+00
-2.001594999759686466e+00
-1.307736817150146891e+00
-4.120935084754753785e-01
5.201097172345084951e-01
1.305207888807993877e+00
1.796415926433914345e+00
1.928154513756562105e+00
1.735483715825860251e+00
1.342533128050931168e+00
9.235257347108261072e-01
6.485743817241889086e-01
6.311907059992274416e-01
8.938921849801978459e-01
1.362598433407629539e+00
1.891461903759208862e+00
2.310221949422571086e+00
2.479105908153987681e+00
2.333944919549282737e+00
1.907264662759078355e+00
1.318679669470784521e+00
7.375859121506123106e-01
3.298726535287193617e-01
2.054188627710987758e-01
3.829161270545576312e-01
7.831377827750344300e-01
1.252854861699635336e+00
1.611983854463465260e+00
1.709258728793023430e+00
1.469040291955556743e+00
9.146514526887126184e-01
1.609858889459775400e-01
-6.212305407660787537e-01
-1.258265793180449732e+00
-1.626694004017505524e+00
-1.690467518376268963e+00
-1.510149768031862738e+00
-1.221479561373627121e+00
-9.900925320964150123e-01
-9.567326784388394678e-01
-1.190287167768386611e+00
-1.663527732904702017e+00
-2.259310967142507565e+00
-2.805417150832484996e+00
-3.127199650417959109e+00
-3.101604016339211789e+00
-2.695661380807724328e+00
-1.977408463181714149e+00
-1.095815174519533031e+00
-2.360018546604408241e-01
4.362437550503392991e-01
8.233102408362720226e-01
9.227407144463496413e-01
8.240102050141044909e-01
6.762700399004685226e-01
6.373565279049122623e-01
8.202492005650585671e-01
1.253960673226560907e+00
1.871295687803499419e+00
2.527458887179324876e+00
3.043776641494098989e+00
3.262879953427411550e+00
3.098061453062636694e+00
2.561312675344673551e+00
1.761206656160486439e+00
8.712256769582060745e-01
7.838310807029345850e-02
-4.718516817178242118e-01
-7.171788636435150188e-01
-6.937388158485746636e-01
-5.204096044647444907e-01
-3.572425925541981018e-01
-3.512637928804448473e-01
-5.868226954312185661e-01
-1.056220985849380956e+00
-1.659957021659048237e+00
-2.236588452145253925e+00
-2.612877906647347537e+00
-2.658479580328688030e+00
-2.327961855917888734e+00
-1.676903896125944371e+00
-8.469156512678119864e-01
-2.416469359685702312e-02
6.157063620064456844e-01
9.591274576188392187e-01
9.865860304296834027e-01
7.751647312365156361e-01
4.709876303423917165e-01
2.403663544481409731e-01
2.151060657407803389e-01
4.492390794666817344e-01
9.008347443647638508e-01
1.444626197172310444e+00
1.911483087326421915e+00
2.142296138222082647e+00
2.039284116214181708e+00
1.598518510898780498e+00
9.133406676486520714e-01
1.474745146234706095e-01
-5.138510979417583169e-01
-9.195500320356772006e-01
-9.977434198087828943e-01
-7.761994905791873567e-01
-3.718231539640582950e-01
4.743174776001446435e-02
3.162187389830183881e-01
3.241524413950789829e-01
5.042549391991342500e-02
-4.301481725429917580e-01
-9.715020438497929955e-01
-1.403363980631164853e+00
-1.586109495748121878e+00
-1.456087859799918949e+00
-1.047076230722684853e+00
-4.810174104268959971e-01
6.914694946574240220e-02
4.329571698776107924e-01
4.954967058702403060e-01
2.334087501624874106e-01
-2.774287849909220505e-01
-8.849920722877019363e-01
-1.407750137690401582e+00
-1.690267723474504713e+00
-1.650392324257619725e+00
-1.303305764085397112e+00
-7.549987779846876190e-01
-1.673363324920329465e-01
2.941966306443626333e-01
5.135470042340786190e-01
4.611840561563219087e-01
2.035023986671211094e-01
-1.184685887724127862e-01
-3.343867687648607312e-01
-2.997106408886919260e-01
5.674211951931573683e-02
7.077945237074849683e-01
1.533414740737190085e+00
2.355114529513628874e+00
2.988574947171804386e+00
3.298120703893812511e+00
3.236089922102261429e+00
2.854888810557364653e+00
2.288091182158969339e+00
1.706649292611371216e+00
1.264077133380259621e+00
1.047902866112003117e+00
1.052685717278830202e+00
1.183084397920709518e+00
1.285988916721331421e+00
1.201563173041032551e+00
8.170720175170835820e-01
1.064613743693679782e-01
-8.568907551797855238e-01
-1.918427248031718602e+00
-2.886117813568183088e+00
-3.586076822510543494e+00
-3.912806676972762077e+00
-3.858456573554972735e+00
-3.512058138462315071e+00
-3.029103310409914762e+00
-2.581113583327550032e+00
-2.301098855749997174e+00
-2.242057519269458954e+00
-2.361535083116627298e+00
-2.537036811519768342e+00
-2.607364527355840345e+00
-2.426774980962957073e+00
-1.914805231557473952e+00
-1.085953043646810112e+00
-4.971643901587653736e-02
1.019197112589204757e+00
1.931307744121623093e+00
2.537765842192350796e+00
2.773461360525888431e+00
2.674417484419590263e+00
2.364094119268290495e+00
2.012959407517169286e+00
1.784049861244397572e+00
1.781606885221141523e+00
2.018879394435492358e+00
2.415133854261429125e+00
2.822715369206018288e+00
3.075546298085107377e+00
3.043703356900974377e+00
2.676799366401996672e+00
2.022413212743113586e+00
1.213656220886552006e+00
4.296705703042217883e-01
-1.586241754711904539e-01
-4.405641255789611299e-01
-3.992531306742121422e-01
-1.160434233580720509e-01
2.554341610731430401e-01
5.375706108084830070e-01
5.842985559137741092e-01
3.264707404456227424e-01
-2.070654988263463947e-01
-8.992198502972169605e-01
-1.582075947982997111e+00
-2.090128783289944447e+00
-2.312539833660312460e+00
-2.227931802793449378e+00
-1.910749292309100955e+00
-1.507165933429259086e+00
-1.188108841108808544e+00
-1.094184151815944528e+00
-1.289855982944980273e+00
-1.741347254362929142e+00
-2.325298921902984706e+00
-2.865577391133314222e+00
-3.186787207309989434e+00
-3.167801147688924956e+00
-2.778609662295216332e+00
-2.089019497166493267e+00
-1.246555728940871965e+00
-4.305715060235139058e-01
2.029843483696538442e-01
5.687874047790503207e-01
6.765388925107072016e-01
6.249401648598396086e-01
5.672188616835849295e-01
6.591473204112707762e-01
1.006015196618475382e+00
1.625363652474602016e+00
2.437348429775707537e+00
3.285924578525376560e+00
3.984360772892310720e+00
4.370937896229802888e+00
4.357469073192691944e+00
3.955507885546023950e+00
3.272088934274273608e+00
2.476380053254537472e+00
1.747725054775656650e+00
1.221363538144773386e+00
9.488076395779808658e-01
8.852185350921206730e-01
9.076159856151706506e-01
8.580462690226601241e-01
5.979776596835155722e-01
5.665646642118804532e-02
-7.419483858849407198e-01
-1.682253236296383792e+00
-2.589408355431335629e+00
-3.280870925054787612e+00
-3.621120950321420562e+00
-3.562419838822618701e+00
-3.158859993925237308e+00
-2.549305687309615376e+00
